function result=flo_emission_data()
%data from doi:10.1016/j.jlumin.2006.05.004
result=[
460	0.00000000000000e+000
4.80846325167038e+002	1.11111111111111e-001
5.00445434298441e+002	6.94444444444444e-001
5.04008908685969e+002	8.61111111111111e-001
5.10244988864143e+002	1.17592592592593e+000
5.16481069042316e+002	1.32407407407407e+000
5.24498886414254e+002	1.50000000000000e+000
5.32516703786192e+002	1.54629629629630e+000
5.41425389755011e+002	1.55629629629630e+000
5.51224944320713e+002	1.49074074074074e+000
5.72605790645880e+002	1.37037037037037e+000
5.89532293986637e+002	1.18518518518519e+000
6.10913140311804e+002	8.61111111111111e-001
6.33184855233853e+002	5.37037037037037e-001
6.51893095768374e+002	3.51851851851852e-001
6.71492204899777e+002	1.94444444444444e-001
6.92873051224944e+002	8.33333333333334e-002
720 0];

 