function result=flo_emission_data()

result=[460	0.00000000000000e+000
4.66666666666667e+002	5.10204081632653e-003
4.70476190476190e+002	1.53061224489796e-002
4.76190476190476e+002	2.55102040816327e-002
4.79047619047619e+002	4.08163265306122e-002
4.83809523809524e+002	6.63265306122449e-002
4.86666666666667e+002	8.16326530612245e-002
4.88571428571429e+002	1.02040816326531e-001
4.90476190476190e+002	1.27551020408163e-001
4.92380952380952e+002	1.53061224489796e-001
4.93333333333333e+002	1.78571428571429e-001
4.95238095238095e+002	2.14285714285714e-001
4.96190476190476e+002	2.29591836734694e-001
4.97142857142857e+002	2.55102040816327e-001
4.98095238095238e+002	2.80612244897959e-001
5.04761904761905e+002	4.79591836734694e-001
5.10476190476190e+002	6.47959183673469e-001
5.15238095238095e+002	7.44897959183674e-001
5.22857142857143e+002	8.97959183673469e-001
5.24761904761905e+002	9.18367346938776e-001
5.27619047619048e+002	9.43877551020408e-001
5.29523809523810e+002	9.59183673469388e-001
5.33333333333333e+002	9.74489795918367e-001
5.39047619047619e+002	9.89795918367347e-001
5.48571428571429e+002	9.94897959183674e-001
5.52380952380952e+002	9.89795918367347e-001
5.58095238095238e+002	9.79591836734694e-001
5.62857142857143e+002	9.69387755102041e-001
5.66666666666667e+002	9.59183673469388e-001
5.74285714285714e+002	9.33673469387755e-001
5.78095238095238e+002	9.13265306122449e-001
5.81904761904762e+002	8.92857142857143e-001
5.85714285714286e+002	8.72448979591837e-001
5.88571428571429e+002	8.57142857142857e-001
5.93333333333333e+002	8.16326530612245e-001
5.99047619047619e+002	7.75510204081633e-001
6.03809523809524e+002	7.24489795918367e-001
6.09523809523810e+002	6.73469387755102e-001
6.15238095238095e+002	6.22448979591837e-001
6.20000000000000e+002	5.81632653061224e-001
6.24761904761905e+002	5.40816326530612e-001
6.26666666666667e+002	5.20408163265306e-001
6.29523809523810e+002	4.94897959183673e-001
6.35238095238095e+002	4.48979591836735e-001
6.40952380952381e+002	3.97959183673469e-001
6.47619047619048e+002	3.52040816326531e-001
6.53333333333333e+002	3.06122448979592e-001
6.57142857142857e+002	2.80612244897959e-001
6.64761904761905e+002	2.34693877551020e-001
6.74285714285714e+002	1.88775510204082e-001
6.80952380952381e+002	1.58163265306122e-001
6.89523809523810e+002	1.27551020408163e-001
6.96190476190476e+002	1.12244897959184e-001
7.00000000000000e+002	1.02040816326531e-001
7.02857142857143e+002	9.18367346938776e-002
7.08571428571429e+002	8.16326530612245e-002
7.13333333333333e+002	7.14285714285714e-002
7.17142857142857e+002	6.63265306122449e-002
7.22857142857143e+002	5.61224489795918e-002
7.31428571428571e+002	4.59183673469388e-002
7.37142857142857e+002	3.57142857142857e-002
7.41904761904762e+002	3.06122448979592e-002
7.51428571428571e+002	2.55102040816327e-002
7.60952380952381e+002	2.04081632653061e-002
7.71428571428571e+002	1.53061224489796e-002
780	0.00000000000000e+000];

 