function result=PMMA_k(x)
x=10^6*x;
% 1) X. Zhang, J. Qiu, X. Li, J. Zhao, L. Liu. Complex refractive indices measurements of polymers in visible and near-infrared bands, Appl. Opt. 59, 2337-2344 (2020) (0.4-2 µm)
% 2) X. Zhang, J. Qiu, J. Zhao, X. Li, L. Liu. Complex refractive indices measurements of polymers in infrared bands, J. Quant. Spectrosc. Radiat. Transf. 252, 107063 (2020) (2-20 µm)

data1=[0.40	3.82E-07
0.41	2.39E-07
0.42	2.24E-07
0.43	2.18E-07
0.44	2.05E-07
0.45	2.24E-07
0.46	2.13E-07
0.47	1.97E-07
0.48	2.23E-07
0.49	2.14E-07
0.50	2.24E-07
0.51	2.16E-07
0.52	2.17E-07
0.53	2.18E-07
0.54	2.21E-07
0.55	2.28E-07
0.56	2.25E-07
0.57	2.33E-07
0.58	2.37E-07
0.59	2.29E-07
0.60	2.76E-07
0.61	2.65E-07
0.62	2.56E-07
0.63	2.60E-07
0.64	2.67E-07
0.65	2.56E-07
0.66	2.48E-07
0.67	2.32E-07
0.68	2.30E-07
0.69	2.44E-07
0.70	2.63E-07
0.71	2.57E-07
0.72	2.95E-07
0.73	2.91E-07
0.74	2.78E-07
0.75	2.67E-07
0.76	2.54E-07
0.77	2.13E-07
0.78	2.83E-07
0.79	2.76E-07
0.80	2.68E-07
0.81	2.56E-07
0.82	2.78E-07
0.83	3.08E-07
0.84	2.48E-07
0.85	2.72E-07
0.86	3.12E-07
0.87	3.78E-07
0.88	4.35E-07
0.89	5.54E-07
0.90	9.13E-07
0.91	3.98E-07
0.92	9.99E-07
0.93	8.66E-07
0.94	7.05E-07
0.95	7.65E-07
0.96	5.37E-07
0.97	6.85E-07
0.98	1.02E-06
0.99	7.44E-07
1.00	7.26E-07
1.01	1.05E-06
1.02	1.06E-06
1.03	1.52E-06
1.04	1.56E-06
1.05	1.32E-06
1.06	1.23E-06
1.07	1.28E-06
1.08	1.28E-06
1.09	1.20E-06
1.10	1.45E-06
1.11	1.84E-06
1.12	2.38E-06
1.13	3.63E-06
1.14	4.84E-06
1.15	6.04E-06
1.16	7.99E-06
1.17	9.59E-06
1.18	9.31E-06
1.19	6.56E-06
1.20	3.67E-06
1.21	3.34E-06
1.22	2.49E-06
1.23	2.26E-06
1.24	2.07E-06
1.25	1.91E-06
1.26	1.64E-06
1.27	1.88E-06
1.28	1.85E-06
1.29	1.83E-06
1.30	1.87E-06
1.31	1.97E-06
1.32	2.26E-06
1.33	3.20E-06
1.34	7.24E-06
1.35	1.02E-05
1.36	1.12E-05
1.37	1.24E-05
1.38	1.33E-05
1.39	1.34E-05
1.40	1.19E-05
1.41	1.14E-05
1.42	1.20E-05
1.43	1.15E-05
1.44	1.01E-05
1.45	7.80E-06
1.46	6.17E-06
1.47	5.46E-06
1.48	3.65E-06
1.49	4.60E-06
1.50	4.04E-06
1.51	3.75E-06
1.52	3.49E-06
1.53	3.49E-06
1.54	3.42E-06
1.55	3.65E-06
1.56	3.95E-06
1.57	4.36E-06
1.58	4.75E-06
1.59	5.26E-06
1.60	5.93E-06
1.61	6.99E-06
1.62	9.07E-06
1.63	1.04E-05
1.64	1.24E-05
1.65	1.93E-05
1.66	4.28E-05
1.67	6.48E-05
1.68	8.91E-05
1.69	6.59E-05
1.70	6.89E-05
1.71	6.55E-05
1.72	6.68E-05
1.73	6.00E-05
1.74	5.18E-05
1.75	4.29E-05
1.76	3.50E-05
1.77	3.23E-05
1.78	3.50E-05
1.79	3.25E-05
1.80	2.71E-05
1.81	2.29E-05
1.82	2.12E-05
1.83	2.10E-05
1.84	2.14E-05
1.85	2.33E-05
1.86	2.52E-05
1.87	2.38E-05
1.88	2.58E-05
1.89	3.65E-05
1.90	6.02E-05
1.91	6.83E-05
1.92	4.59E-05
1.93	3.43E-05
1.94	3.62E-05
1.95	3.92E-05
1.96	3.06E-05
1.97	2.45E-05
1.98	2.27E-05
1.99	2.26E-05
2.00	2.31E-05
2.0097	2.20E-05
2.0190	2.25E-05
2.0285	2.31E-05
2.0381	2.39E-05
2.0478	2.47E-05
2.0575	2.59E-05
2.0673	2.66E-05
2.0773	2.84E-05
2.0873	3.32E-05
2.0975	3.41E-05
2.1077	4.10E-05
2.1180	4.94E-05
2.1285	5.10E-05
2.1390	5.49E-05
2.1496	5.44E-05
2.1568	5.22E-05
2.1676	5.33E-05
2.1785	5.42E-05
2.1896	6.12E-05
2.1970	7.39E-05
2.2082	9.33E-05
2.2196	7.96E-04
2.2272	5.84E-04
2.2387	9.36E-05
2.2465	9.00E-05
2.2582	4.64E-04
2.2661	2.28E-04
2.2781	4.42E-04
2.2861	1.21E-03
2.2983	1.29E-03
2.3065	1.11E-03
2.3188	1.84E-03
2.3272	1.75E-03
2.3398	6.38E-04
2.3482	6.77E-04
2.3568	1.37E-03
2.3697	2.37E-03
2.3784	1.37E-03
2.3872	7.30E-04
2.3960	7.14E-04
2.4093	1.95E-03
2.4183	2.38E-03
2.4274	2.02E-03
2.4365	1.30E-03
2.4457	1.40E-03
2.4596	2.16E-03
2.4690	2.02E-03
2.4784	1.68E-03
2.4880	1.61E-03
2.4975	1.83E-03
2.5072	2.32E-03
2.5169	3.29E-03
2.5268	2.75E-03
2.5366	8.88E-04
2.5466	1.04E-03
2.5567	1.72E-03
2.5668	1.09E-03
2.5770	8.07E-04
2.5873	8.91E-04
2.5976	5.26E-04
2.6081	6.10E-04
2.6186	8.34E-04
2.6293	1.61E-03
2.6400	2.12E-03
2.6454	2.09E-03
2.6562	1.57E-03
2.6671	7.40E-04
2.6782	5.75E-04
2.6893	1.98E-03
2.6949	2.21E-03
2.7061	2.34E-03
2.7175	2.96E-03
2.7289	2.54E-03
2.7347	1.76E-03
2.7462	1.21E-03
2.7579	8.83E-04
2.7697	2.78E-04
2.7756	2.02E-04
2.7876	1.21E-05
2.7996	3.34E-05
2.8057	8.17E-04
2.8179	9.95E-04
2.8240	1.27E-03
2.8364	1.44E-03
2.8489	1.09E-03
2.8551	5.16E-04
2.8678	2.54E-04
2.8741	5.84E-04
2.8869	1.52E-03
2.8998	2.31E-03
2.9063	2.71E-03
2.9194	3.18E-03
2.9260	2.84E-03
2.9393	1.65E-03
2.9460	1.48E-03
2.9594	2.37E-03
2.9662	2.70E-03
2.9798	1.22E-03
2.9867	7.75E-04
2.9936	1.08E-03
3.0075	1.40E-03
3.0145	1.08E-03
3.0286	5.57E-04
3.0357	3.25E-04
3.0499	3.28E-04
3.0571	1.23E-03
3.0644	2.06E-03
3.0789	1.51E-03
3.0863	6.63E-04
3.0936	1.53E-04
3.1085	3.47E-04
3.1159	6.84E-04
3.1234	8.56E-04
3.1386	1.08E-03
3.1462	1.29E-03
3.1538	1.54E-03
3.1693	1.44E-03
3.1770	1.38E-03
3.1848	1.40E-03
3.1927	1.55E-03
3.2085	1.08E-03
3.2164	6.58E-04
3.2244	7.49E-04
3.2325	1.00E-03
3.2487	1.88E-03
3.2569	2.58E-03
3.2651	3.53E-03
3.2733	4.48E-03
3.2899	7.30E-03
3.2983	9.77E-03
3.3067	1.33E-02
3.3152	1.78E-02
3.3237	2.27E-02
3.3322	2.61E-02
3.3494	2.45E-02
3.3581	2.15E-02
3.3668	2.17E-02
3.3756	2.67E-02
3.3844	3.31E-02
3.3933	3.43E-02
3.4022	2.97E-02
3.4111	2.42E-02
3.4292	1.74E-02
3.4383	1.45E-02
3.4474	1.19E-02
3.4566	9.30E-03
3.4658	7.07E-03
3.4751	5.93E-03
3.4845	5.32E-03
3.4939	4.72E-03
3.5033	4.83E-03
3.5128	5.33E-03
3.5224	5.23E-03
3.5320	4.35E-03
3.5416	3.08E-03
3.5513	2.20E-03
3.5611	2.03E-03
3.5709	2.10E-03
3.5807	1.87E-03
3.5907	1.39E-03
3.6006	1.44E-03
3.6107	2.29E-03
3.6207	2.57E-03
3.6309	1.65E-03
3.6411	7.09E-04
3.6513	6.12E-04
3.6617	8.29E-04
3.6720	6.32E-04
3.6825	7.51E-04
3.6930	1.02E-03
3.7035	8.92E-04
3.7141	4.81E-04
3.7248	1.51E-04
3.7355	7.01E-05
3.7463	1.70E-04
3.7572	4.66E-04
3.7681	6.52E-04
3.7791	1.05E-03
3.7901	1.29E-03
3.8013	1.15E-03
3.8124	1.18E-03
3.8237	1.46E-03
3.8350	1.26E-03
3.8464	1.01E-03
3.8578	1.09E-03
3.8693	1.17E-03
3.8809	9.25E-04
3.8926	7.95E-04
3.9043	8.38E-04
3.9161	9.54E-04
3.9280	9.53E-04
3.9399	8.35E-04
3.9519	6.79E-04
3.9640	2.82E-04
3.9762	2.35E-04
3.9884	2.44E-04
4.0007	6.79E-04
4.0131	1.05E-03
4.0255	1.14E-03
4.0381	1.16E-03
4.0507	1.07E-03
4.0634	1.26E-03
4.0762	1.30E-03
4.0890	7.93E-04
4.1020	6.29E-04
4.1150	1.31E-03
4.1281	1.67E-03
4.1413	1.36E-03
4.1546	1.26E-03
4.1679	1.28E-03
4.1814	1.04E-03
4.1949	8.68E-04
4.2085	9.90E-04
4.2222	1.05E-03
4.2360	1.74E-03
4.2499	2.45E-03
4.2639	2.55E-03
4.2780	2.89E-03
4.2921	1.01E-03
4.3064	3.34E-04
4.3208	3.03E-04
4.3352	5.43E-04
4.3498	8.29E-04
4.3644	1.04E-03
4.3791	9.58E-04
4.3940	6.44E-04
4.4089	4.18E-04
4.4240	6.25E-04
4.4391	8.86E-04
4.4544	1.06E-03
4.4697	1.27E-03
4.4852	9.45E-04
4.5008	7.45E-04
4.5165	9.06E-04
4.5323	1.29E-03
4.5482	1.77E-03
4.5642	1.74E-03
4.5803	1.26E-03
4.5965	8.15E-04
4.6129	7.08E-04
4.6294	1.20E-03
4.6460	1.62E-03
4.6627	1.81E-03
4.6795	2.01E-03
4.6965	2.44E-03
4.7136	2.46E-03
4.7308	1.94E-03
4.7481	1.41E-03
4.7655	1.53E-03
4.7831	1.85E-03
4.8008	1.89E-03
4.8187	2.24E-03
4.8367	2.59E-03
4.8548	2.57E-03
4.8730	2.70E-03
4.8914	2.65E-03
4.9100	2.21E-03
4.9286	1.67E-03
4.9474	1.39E-03
4.9664	1.36E-03
4.9855	1.50E-03
5.0047	2.27E-03
5.0241	3.21E-03
5.0437	3.57E-03
5.0634	3.65E-03
5.0832	3.87E-03
5.1033	4.13E-03
5.1234	3.84E-03
5.1438	3.00E-03
5.1643	2.47E-03
5.1849	2.36E-03
5.2057	2.07E-03
5.2267	2.00E-03
5.2479	2.53E-03
5.2692	2.60E-03
5.2907	2.07E-03
5.3124	1.97E-03
5.3343	2.06E-03
5.3563	1.93E-03
5.3785	1.97E-03
5.4009	2.16E-03
5.4235	2.75E-03
5.4463	3.24E-03
5.4693	3.59E-03
5.4925	4.12E-03
5.5159	4.86E-03
5.5394	5.26E-03
5.5632	5.45E-03
5.5872	5.80E-03
5.6114	6.47E-03
5.6358	7.68E-03
5.6604	1.15E-02
5.6852	2.28E-02
5.7103	8.66E-02
5.7355	2.26E-01
5.7610	3.51E-01
5.7867	3.61E-01
5.8127	2.39E-01
5.8389	9.48E-02
5.8653	3.43E-02
5.8919	1.98E-02
5.9188	1.55E-02
5.9460	1.30E-02
5.9734	9.72E-03
